,hebrewFromSub,englishFromSub,englishTranslation,ratio
0,היא באה הנה לפעמים ,She come here sometimes ,She comes here sometimes,98
1,היא מטרידה אותך רוצה שאפטר ממנה ,You want for me to get rid of her ,She's bothering you wants me to get rid of her,81
2,"רק תתקשר ל""גלינר"" ושאל אם שלחו צלמת ",Find out if they sent a photographer here tonight ,Just call Glinner and ask if they sent a photographer,71
3,לשבור לה זרוע ,Give her her arm back ,Break her arm,65
4,תחזיר לה את הזרוע שלה ,Give her her arm back ,Give her back her arm,100
5,אתה עוד תצטער ,You'll all be sorry you rats!,You'll still be sorry,65
6,אף אחד לא מדבר מי מפחיד אנשים עד כדי כך ,- Who puts that sort of scare into people ,No one talks about who scares people so much,65
7,שלחתי מטוסי ביון שלנו להציץ בו ,Our naval reconnaissance planes took a look ,I sent our reconnaissance planes to peek at it,72
8,"הם לא גילו דבר מלבד מכרה בוקסיט ומכ""ם קטן ",They only found a bauxite mine Low-scan CH radar setup ,They discovered nothing but a bauxite mine and a small radar,61
9,חברים שלי יצאו לשם פעם לאסוף צדפים ,Friends of mine went out there once after seashells ,My friends once went out there to collect seashells,80
10,אף דייג מקומי לא מוכן להתקרב לשם ,Local fishermen won't go near it ,No local fisherman is willing to go near there,74
11,-איזה מין דגימות ,- What kind of samples ,-What kind of samples,100
12,מה אנחנו יודעים עוד על האדון הסיני ,What else do we know about this Chinese gentleman Nothing much ,What else do we know about the Chinese lord,74
13,"חוץ משמו ד""ר נו ",Except his name ,Except for his name Dr. Nu,75
14,אני רוצה לדבר עם פרופסור דנט ,Is Professor Dent there ,I want to talk to Professor Dent,65
15,-נקבעה לך פגישה איתו אדוני ,- Have you an appointment James Bond ,"- You have an appointment with him, sir",74
16,נפגשנו אתמול במועדון ,We met yesterday at the Queen's Club ,We met yesterday at the club,88
17,פרופסור דנט נמצא ,Is Professor Dent there ,Professor Dent was found,68
18,לא משנה תודה ,Thank you Morning Professor ,No matter thank you,61
19,נתקלתי בזה במשרד של סטרנגווייז ,I came across this in Strangways' office ,I came across this in the Strangeways office,94
20,נכון תוכל לספר לי עליה ,Can you tell me anything about it ,"True, you can tell me about her",70
21,הוא הביא דגימות סלע לבדיקה ,He brought some rock samples in for testing convinced they were valuable ,He brought rock samples for testing,65
22,וזה נכון ,Can I see them ,And that's right,60
23,מובן שלא ,No of course not ,Of course not,90
24,לא זרקתי אותן ,Well no I  I threw 'em away ,I did not throw them away,68
25,יש לך מושג איפה מצא אותן ,- Do you know where he found them - No he didn't say ,You have no idea where to find them,63
26,זה לא ייתכן מבחינה גיאולוגית ,- Not geologically possible - Thank you Professor ,This is not geologically possible,72
27,פרופסור  הרשה לי ,Oh Professor  Allow me ,Professor let me,76
28,אתה מכיר את ההליכים אין זמן להליכים ,There's no time for procedure ,You know the procedures There is no time for procedures,69
29,זה באחריותי ,I'll take responsibility ,It's my responsibility,78
30,אני מקווה שאתה יודע מה שאתה עושה ,Man I hope you know what you're doing - Come on  ,I hope you know what you are doing,81
31,למה הפרת את הכלל הכי חמור שלי ובאת במשך היום ,Why have you disobeyed my strictest rule and come in daylight ,Why did you break my most serious rule and come during the day,67
32,הייתי חייב ,I had to ,I had to,100
33,בונד בא אליי הבוקר ,Bond came to see me this morning Yes I know ,Bond came to me this morning,79
34,למה הוא עוד בחיים ,Why is he still alive ,Why he's still alive,98
35,נכשלתם ,Our attempts failed ,You failed,62
36,אני לא אוהב כשלונות אתה לא תיכשל שוב פרופסור ,You are not going to fail me again Professor ,I do not like failures You will not fail again Professor,70
37,לא באתי להזהיר אותך ,I came to warn you ,I did not come to warn you,77
38,להזהיר אותי ,Warn me ,Warn me,100
39,לומר לך ,Tell you ,tell you,100
40,הוא בוודאי יגיע הנה ,He's sure to come out here ,He will surely come here,72
41,אני מקווה שלא אם כן אתה אחראי לכך בעיניי ,If he does I shall hold you responsible ,I hope not then you are responsible for this in my eyes,60
42,האם זה ברור ,Yes quite clear ,Is it clear,62
43,גש לשולחן ,Go to the table ,Go to the table,100
44,אתה רואה מה יש בכלוב ,You see what is in the cage ,You see what's in the cage,98
45,הלילה ,Tonight ,The night,62
46,אגב המכונית שהזמנת הגיעה ,By the way the car you ordered it's been delivered ,By the way the car you ordered arrived,73
47,היא חונה בחניון מספר חמש ,It's in number five parking lot Thank you ,She's parked in parking lot number five,75
48,לילה טוב לילה טוב מר בונד ,Good night Mr Bond ,Good night Good night Mr. Bond,77
49,בוקר טוב פליידל-סמית ,- Morning Pleydell-Smith - Morning Bond ,Good morning Playdell-Smith,77
50,-בוקר טוב בונד ,Good night Mr Bond ,- Good morning Bond,86
51,"גברת טארו הביאי לי בבקשה את החומר על ד""ר נו ",Miss Taro bring me the files on Dr No Sit down ,"Mrs. Taro, please bring me the material on Dr. Nu",72
52,מה אתה יכול לספר לי על האי הזה לא הרבה ,What do you know about this island ,What can you tell me about this island not much,74
53,"רק שיש שם מכרה בוקסיט ד""ר נו מנהל את המקום כמו מחנה ריכוז ",Dr No runs the place like a concentration camp ,Only there is a bauxite mine there Dr. Nu runs the place like a concentration camp,72
54,תודה גברת טארו ,I came to warn you ,"Thank you, Mrs. Taro",61
55,מה זאת אומרת ,- What do you mean Who had them last ,What do you mean,64
56,-סטרנגוייז שני התיקים ,Go to the table ,-Strangwise the two bags,63
57,להיפך הייתי מופתע אלמלא נעלמו ,I'd have been surprised if they hadn't ,"On the contrary, I would have been surprised if they had not disappeared",68
58,אגב זה הגיע עבורך הבוקר בטיסה מלונדון בדואר הדיפלומטי ,By the way that came for you from London this morning in the plane in the diplomatic pouch ,By the way it arrived for you this morning on a flight from London by diplomatic mail,67
59,מתנה מהבית ,A present from home ,A gift from home,63
60,אפשר לצאת משם ,Can I get out that way ,You can get out of there,74
61,חבל שתבזבזי את כל אחר הצהריים בחיפושים ,I hate to think of you spending all afternoon looking for them No ,Too bad you'd spend all afternoon searching,61
62,גם אני אולי תראי לי את האי ,Why don't you show me round the island ,I might as well show me the island,61
63,כן אולי ,Yes maybe Good ,Yes maybe,78
64,בשלוש במלון שלי אולי ,Three o'clock my hotel maybe ,At three in my hotel maybe,78
65,כן אולי ,Yes maybe Good ,Yes maybe,78
66,החוגה המוארת מפעילה את המכשיר ,The luminous dial activates it Here hold this ,The illuminated dial activates the device,67
67,תחזיק איפה סטרנגווייז הניח את הדגימות ,Now where exactly did Commander Strangways place those samples ,Hold where Strangewise placed the samples,68
68,בערך במקום של כף הרגל שלך אדוני ,- About where your feet is sir - Good ,About the place of your foot sir,71
69,איבדתם משהו ,- Lose something ,You've lost something,74
70,היו רדיואקטיביות אבל פרופסור דנט אמר שהן סתם עפרות ברזל ,Yet Professor Dent told me they were worthless chunks of iron ore ,There was radioactivity but Professor Dent said they were just iron ore,62
71,או שהוא פרופסור גרוע או שקרן גרוע ,- He's either a bad professor or a poor liar - I intend to find out which ,Either he's a bad professor or a bad liar,67
72,-אני מתכוון לבדוק את זה מתי נוכל להגיע לקראב קי ,- We could check the nearest ones first - No I'm interested in Crab Key ,- I'm going to check it out when we can get to Crab Key,60
73,סגן אלוף סטרנגווייז לקח דגימות מכל האיים ,Commander Strangways he done take samples of all the islands ,Lieutenant Colonel Strangewise took samples from all the islands,66
74,יש שם דרקון ,You see  there's a dragon - What ,There's a dragon there,75
75,לא נכפה עליך שום דבר לייטר ואני נשוט לשם בלילה אם תכוון אותנו ,Leiter and I will go after dark if you'll give us the navigational directions ,You will not be forced to do anything lighter and I will sail there at night if you direct us,60
76,אהיה כאן בשבע ,Anyway I'll be here about seven ,I'll be here at seven,81
77,בסדר גמור ,Fine ,Fine,100
78,הלו ,Hello Yes ,Hello,71
79,נחמד כאן בהרים ,It's lovely up here in the mountains ,Nice here in the mountains,71
80,קריר ונעים ,Nice and cool ,Cool and pleasant,67
81,אתה יוצא מקינגסטון בדרך פורט רויאל נוסע בדרך ונטוורת עד בית החרושת למלט ,You leave the Port Royal Road out of Kingston then along the Wentworth Road until you get to the cement factory ,You leave Kingston on Fort Royal Road and drive on the road to Networth to the Cement Factory,73
82,אז אתה פונה שמאלה ,Then you turn left ,Then you turn left,100
83,אחכה לך ,I'll be waiting for you ,Wait for you,69
84,איך זה קרה ,How did it happen ,How did it happen,100
85,אני חושב שהם היו בדרכם ללוויה ,I think they were on their way to a funeral ,I think they were on their way to the funeral,93
86,רק רגע!,Just a minute!,just a minute!,100
87,הזמנת אותי זוכרת ,You did invite me here remember ,You invited me remember,81
88,כמובן ,Oh of course ,of course,86
89,פשוט לא ציפיתי לך כל כך מהר ,I just didn't expect you here so soon ,I just did not expect you so quickly,71
90,סליחה חשבתי שהזמנת אותי ליהנות מהנוף ,I thought I was invited up here to admire the view ,Sorry I thought you invited me to enjoy the view,65
91,כדאי שאחד מאיתנו יענה ,I feel one of us should answer it ,One of us should answer,82
92,הלו ,Hello Yes ,Hello,71
93,כן אני יודעת ,Yes I know ,Yes I know,100
94,הוא פה עכשיו ,He's here now ,He's here now,100
95,אני לא יודעת מה קרה ,I don't know what happened ,I do not know what happened,94
96,אנסה להחזיק אותו פה כמה שעות ,I'll try and keep him here for a couple of hours ,I'll try to keep him here for a few hours,85
97,בסדר אתקשר אחר כך ,I'll call you later ,Okay I'll call later,87
98,מה זאת אומרת ,What do you mean ,What do you mean,100
99,את יושבת כך בשיער רטוב עוד תמותי מדלקת ריאות ,Sitting around with wet hair you'll die of pneumonia ,You sit like that with wet hair and you will die of pneumonia,80
100,הוא די יפה ,It's right here ,He's pretty pretty,61
101,-תודה ,- Thank you ,-Thanks,67
102,תגידי את תמיד אוספת אותו ,Do you always wear it up ,Say you always collect it,69
103,זה לא מוצא חן בעיניך ,- Don't you like it - Yes very much ,You do not like it,65
104,עם הפנים שלך זה  ,With your sort of  face  it's wonderful ,With your face it is,67
105,מה קורה מאחורי הגב שלי ,- What's going on behind my back - Nothing ,What's going on behind my back?,88
106,תראי בלי ידיים ,Look - no hands ,Look without hands,77
107,אני רעב ,I'm hungry ,I'm hungry,100
108,בואי נצא לאכול ,Let's go out and eat ,Let's go out to eat,82
109,אכין לך פה ארוחת סינית ,- I'll make you a Chinese dinner here ,I'll make you a Chinese meal here,82
110,-לא מתחשק לי אוכל איטלקי ומוזיקה ,- No I'm feeling Italian and musical ,- I do not feel like Italian food and music,75
111,-אני מעדיפה להישאר כאן ,- I'd rather stay here ,- I prefer to stay here,73
112,זה יותר נחמד  לבד ,It's more fun  alone ,It's nicer alone,69
113,-לא חשוב אפשר להשתמש בטלפון ,May I use your phone ,- No matter you can use the phone,67
114,למי אתה מתקשר ,Who are you ringing ,Who are you calling?,79
115,כאן ג'יימס בונד ,James Bond here ,Here's James Bond,94
116,תוכלו לשלוח מונית למג'נטה דרייב 1721 ,Can I have a car sent to  2171 Magenta Drive ,You can send a taxi to Magenta Drive 1721,74
117,כן בהקדם האפשרי בבקשה ,As soon as you can please ,Yes as soon as possible please,69
118,חשבתי שבאת במכונית ,I thought you came by car ,I thought you came in the car,81
119,זה מסביר  מסביר מה ,That explains  Explains what ,It explains explains what,92
120,למה אתה צריך מונית ,Why you need a taxi ,Why you need a taxi,100
121,למה אני צריך מונית ,Why I need a taxi ,Why do I need a taxi,92
122,אורות ,- The lights ,Lights,75
123,-אני משאירה אותם דלוקים תמיד ,- No no I always leave them on ,- I always leave them on,88
124,מה קורה פה ,What's  What's going on !,What's going on here,71
125,סלחי לי ,Forgive me ,forgive me,100
126,ותיזהר על הלק שלה ,And uh  be careful of her nail varnish ,And be careful of her nail polish,86
127,מעניין חשבתי שתופיע במוקדם או במאוחר ,I thought you'd turn up sooner or later ,Interesting I thought she would show up sooner or later,68
128,כמובן ,Oh of course ,of course,86
129,חשדתי כבר במועדון כשהסתבר שהיית היחיד שראה את מזכירתו החדשה של סטרנגווייז ,I was suspicious at the Queen's Club anyhow when it turned out you were the only one who'd seen Strangways' new secretary ,I was already suspicious of the club when it turned out you were the only one who saw Strangewise's new secretary,85
130,אחר כך במעבדה לא התייחסת כלל לעובדה שהדגימות רדיואקטיביות ,Then later at the lab you made no reference to the fact that Strangways' samples were radioactive ,Then in the lab you did not refer at all to the fact that the samples were radioactive,78
131,פיקחי מאוד מצדך מר בונד ,Very clever Mr Bond ,"Very clever of you, Mr. Bond",84
132,אבל הסתבכת ביותר ממה שאתה יודע ,But you're up against more than you know ,But you got more involved than you know,66
133,אם תירה בי תגמור כמו סטרנגווייז ,Shoot me and you'll end up like Strangways ,"If you shoot me, you'll end up like Strangeways",86
134,אז אתה הרגת אותו ,- Then you killed him ,So you killed him,83
135,-הוא נהרג לא משנה איך ,- He was killed but never mind how ,- He was killed no matter how,71
136,אצל מי אתה עובד פרופסור ,Who are you working for Professor ,"Who do you work for, professor?",87
137,ממילא לא תחיה לנצל את המידע אז אספר לך ,I'll tell you as you won't live to use the information I'm working for  ,You will not live to take advantage of the information anyway so I will tell you,67
138,אני עובד  זה סמית אנד ווסון ,It's a Smith Wesson ,I work this Smith & Wesson,65
139,מוטב מאוחר מאשר לעולם לא ,Better late than never ,better late than never,100
140,הכול מוכן ,- Everything ready ,Everything is ready,91
141,-כן כבר שעתיים ,- Yeah for the last two hours ,"- Yes, it's been two hours",64
142,אל תדאג קוורל הכל יהיה בסדר ,Everything's going to be fine ,Do not worry Quarrel everything will be fine,63
143,בשבילי קראב קי יהיה הפוגה נעימה ,For me Crab Key will be a gentle relaxation ,For me Crab Key will be a pleasant respite,73
144,ממה ,From what ,From what,100
145,בסדר ,OK ,OK,100
146,תן לי לצאת איתו ,Let me go with him ,Let me go out with him,90
147,וזו הסירה שלי ,Anyhow it's my beat ,And this is my boat,68
148,אם לא תורך ומוטב שתביא איתך כוח מארינס ,You'd better bring your Marines with you ,If not your turn and you better bring a Marine force with you,75
149,קוורל אם תראה דרקון תקדים אותו ותנשוף עליו ,Hey Quarrel if you see a dragon get in first and breathe on him you hear ,Quarrel if you see a dragon precede it and blow on it,62
150,עם כל הרום ששתית הוא עוד ימות מאושר ,With all that rum in you he'll die happy!,With all the rum you drank he's still going to die happy,69
151,"מוטב לקפל את המפרש למקרה שהמכ""ם שלהם פועל ",Better drop the sail in case their radar's on scan ,It is best to fold the sail in case their radar is running,67
152,סובב אותה קפטן ,Hard about Captain  now!,Rotate her Captain,60
153,כסה אותה ,Cover it up ,Cover her,60
154,מוטב שנישן קצת לפני שיעלה האור ,We'd better get some sleep before it gets light ,We better sleep a little before the light comes on,70
155,מי זה ,Who is that ,Who is,71
156,גם אני לא אמור להיות כאן ,I'm not supposed to be here either ,I'm not supposed to be here either,100
157,אני מניח שגם את לא ,What are you doing here ,I guess you are not either,61
158,את לבד מה אתה עושה כאן ,What are you doing here ,You're alone what you're doing here,76
159,מחפש צדפים ,Looking for shells No ,Looking for seashells,86
160,לא סתם מסתכל ,I'm just looking ,Not just looking,81
161,אל תזוז!,Come on out!,do not move!,64
162,אני מבטיח שלא אגנוב לך צדפים ,I promise I won't steal your shells ,I promise I'll not steal your shells,82
163,גם אני מבטיחה שלא תגנוב ,I promise I won't steal your shells ,I also promise you will not steal,65
164,אל תזוז!,Come on out!,do not move!,64
165,מה שמך ,What's your name ,What is your name,85
166,ריידר ,Ryder ,Raider,73
167,ריידר מה ,Ryder what ,Ryder what,100
168,האני ריידר ,Honey  Ryder ,Honey Ryder,100
169,מה מצחיק כל כך ,- What's so funny about it ,What's so funny,77
170,-שום דבר ,- Nothing ,-Nothing,100
171,זה שם חמוד מאוד ,It's a very pretty name ,It's a very cute name,73
172,ומה שמך ,What's your name ,And what's your name?,89
173,ג'יימס ,James ,James,100
174,כן כך אני עושה תמיד ,Of course I always do ,Yes I always do,67
175,אז הם יודעים שאנחנו פה ,They don't know we're here Fire!,So they know we're here,78
176,"יש להם מכ""ם הסירה שלי קטנה מדי ",Oh my boat is too small to be noticed ,They have my boat radar too small,63
177,ואני באה הנה הרבה לאסוף צדפים ,And I often come here to get the shells ,And I come here a lot to collect seashells,72
178,בהתחלה ניסו לתפוס אותי אבל לא הצליחו ,At first they used to try to catch me but they couldn't ,At first they tried to catch me but were unsuccessful,67
179,עכשיו הם כבר לא טורחים ,- Don't bother with those now - Don't bother ,Now they no longer bother,65
180,-הפעם הם ינסו ,- They will this time ,-This time they will try,90
181,זה שווה 50 דולר במיאמי ,This one is worth $50 in Miami ,It's worth $ 50 in Miami,82
182,אתה מבטיח לא לגלות לאף אחד ,You promise you won't tell anyone ,You promise not to reveal to anyone,74
183,אני מבטיח ,I promise - Hey!,I promise,82
184,קפטן מה דעתך ,Captain what do you think of that!,Captain what do you think,86
185,כן הם כאן ,What are you doing here ,Yes they are here,60
186,טוב חבר'ה! צאו ולא תיפגעו!,Come out and you won't get hurt!,Good guys! Get out and you will not be hurt!,68
187,עמדו והראו את עצמכם אחרת נפתח עליכם באש!,Stand up and show yourselves or I'll be forced to open fire!,Stand up and show yourself otherwise we will open fire on you!,67
188,אנחנו יודעים שאתם שם ,We know you're there!,We know you're there,100
189,ציפינו לכם!,Where's your boat ,We were waiting for you!,65
190,פשוט צאו עם ידיים למעלה והכל יהיה בסדר!,Just walk out with your hands up and you'll be OK!,Just go out with your hands up and everything will be fine!,69
191,זה הסיכוי האחרון שלכם!,This is your last chance! He's bluffing ,This is your last chance!,77
192,הם משקרים ,Are you coming out ,They are lying,62
193,זהו זה!,Who is that ,that's it!,70
194,זה לא יימשך הרבה זמן ,It won't last long ,It will not last long,82
195,אתם יוצאים ,Are you coming out ,You're going out,71
196,עוד נחזור ,We'll be back ,We'll be back,100
197,אמרתי לך שמשהו לא בסדר כאן ,I told you this place was wrong ,I told you something was wrong here,76
198,זה היה מקלע לא דרקון ,- That was a machine gun not a dragon ,It was a non-dragon machine gun,82
199,-יש כאן גם דרקון ,- There's a dragon here too She's right ,- There's a dragon here too,81
200,היא צודקת ראית אותו ,- You've seen it hm ,She's right you saw him,65
201,ראיתי יש לו שתי עיניים גדולות ומסנוורות זנב קצר וכנפיים ,He had two glaring eyes a short tail and pointed wings ,"I saw he has two big, dazzling eyes with a short tail and wings",69
202,אתה לא מאמין לי מה ,You don't believe me do you ,You do not believe me what,75
203,ילדונת אני מאמין ,Little gal I does ,Little girl I believe,68
204,בואו נסתלק מכאן ,Let's get the hell outta here ,Let's get out of here,72
205,תקשיבו שניכם ,Listen both of you ,Listen to both of you,92
206,מה שראיתם היה משהו שנראה כמו דרקון ,What you saw was something that looked like one ,What you saw was something that looked like a dragon,87
207,אני מנסה לחשוב מה זה ,I'm trying to think what it was ,I'm trying to think what it is,89
208,איך אתה יודע שאין ,How do you know there aren't ,How do you know there is none,77
209,ומה אתה בכלל יודע על חיות ,What do you know about animals ,And what do you even know about animals,87
210,ראית פעם מונגוז רוקד ,Did you ever see a mongoose dance ,Have you ever seen a mongoose dancing?,83
211,עקרב מוכה-שמש עוקץ עצמו למוות ,A scorpion with sunstroke sting itself to death ,A sun-stricken scorpion stings itself to death,82
212,נקבת גמל-שלמה טורפת את בן זוגה לאחר שהתעלסו ,Or a praying mantis eat her husband after making love ,A female mantis preys on her mate after they have made love,64
213,-אני כן היא צודקת ,She's right ,- I'm right she's right,69
214,הם הסתלקו האני את יוצאת מכאן ,Let's get the hell outta here ,They left the ego the coming out of here,64
215,הפעם כן ומהר ,This time you are and fast ,This time yes and fast,83
216,איפה הסירה שלך ,Where's your boat ,Where's your boat?,100
217,תביא את הנעליים שלי ,She's right ,Bring my shoes,64
218,תראה! תראה מה הם עשו!,Look what they've done!,Look! Look what they did!,76
219,הכל באשמתך!,It's all your fault!,It's all your fault!,100
220,מצטער ,I'm sorry ,Sorry,71
221,אשיג לך סירה חדשה כשנחזור לקינגסטון ,I'll get you a new boat when we get back to Kingston ,I'll get you a new boat when we get back to Kingston,100
222,מה נעשה איתה עכשיו ,What are we going to do with her now ,What to do with her now,78
223,הם באים ,Are you coming out ,they are coming,79
224,קוורל תחתוך כמה מהקנים האלה ,Quarrel cut some of those reeds Give me the knife ,Quarrel will cut some of these reeds,73
225,הם מתקרבים ,They's coming! Across there!,They are approaching,65
226,שקט ,Quick!,Quiet,60
227,הכלבים הרגישו משהו ,- Looks like they're onto something - Sh!,The dogs felt something,61
228,הוא יודע מה הוא עושה אחרי שנתנו לאחרים לעבור ,That guy sure knew his business trailing us after we let the others pass ,He knows what he is doing after letting others pass,60
229,איפה המסתור שלך ,Where is this hiding place of yours Up there ,Where is your hiding place,74
230,בואו ,Come on ,Come,73
231,אתה כבר מריח יותר טוב ,You smell nicer already ,You already smell better,85
232,אני אשמור פה למקרה שהוא מריח אותנו ובא לחפש ,I stay out here  on watch  in case he comes a-looking for us ,I'll keep it here in case he smells us and comes looking,67
233,עד חצות כבר נסתלק ,All right they've gone ,By midnight we were gone,61
234,אף פעם לא הכרתי בלש ,I never met a detective before ,I never knew a detective,78
235,מישהו יעצור אותו לא ייתכן שימשיך לנסות להרוג כל מי שמגיע הנה ,We can't have him trying to kill everyone who comes here ,Someone will stop him and he may not continue to try to kill everyone who comes here,67
236,הוא לא רק מנסה ,He doesn't just try - Mm ,He's not just trying,62
237,אני די בטוחה שהוא הרג את אבי ,- I'm pretty sure he killed my father What ,I'm pretty sure he killed my father,93
238,מה זאת אומרת אבא שלי היה זואולוג שחקר את החיים בים ,You see my father was a marine zoologist ,What do I mean my father was a zoologist who studied life at sea,67
239,באנו לים הקריבי לחקור צדפים ,We came to the Caribbean for him to study seashells ,We came to the Caribbean to explore seashells,83
240,יום אחד הוא יצא לקראבקי ויותר לא ראיתי אותו ,One day he came to Crab Key    and I never saw him again ,One day he went out to Krabaki and I never saw him again,75
241,אמרו שהוא בוודאי טבע אבל הוא היה צולל טוב מדי בשביל זה ,They said he must have drowned but he was too good a diver for that to happen to him ,They said he must have drowned but he was too good a diver for that,89
242,המשטרה לא חקרה את המקרה ,Didn't the police investigate And your family ,Police have not investigated the case,63
243,היינו רק אבא ואני ,Hands where we can see 'em!,We were just Dad and me,67
244,בכל העולם ,All over the world ,in the whole world,61
245,בפילפינים בבאלי בהוואי  בכל מקום שיש בו צדפים ,The Philippines Bali Hawaii Anywhere there were shells ,In the Philippines in Bali in Hawaii wherever there are shells,84
246,אני מניח שלמדת בבית ספר איפשהו ,You went to school somewhere I didn't need to ,I guess you went to school somewhere,77
247,הייתה לנו אנציקלופדיה התחלתי מ-א' בגיל 8 וכבר הגעתי ל-ק' ,I started at A when I was eight and now I've reached T ,We had an encyclopedia I started from A. at the age of 8 and I had already reached K.,60
248,אבל אני יודעת הרבה יותר דברים ממך ,I bet I know a lot more things than you do ,But I know a lot more things than you,91
249,לילה אחד הוא עלה לחדר שלי ,Then one night he came up to my room  ,One night he went up to my room,78
250,אתה יודע ,Well you know ,You know,76
251,שרטתי לו את הפנים ואז  אבל הוא היה יותר חזק ממני ,I scratched his face and then  But he was stronger than I was What happened after that ,I scratched his face then but he was stronger than me,74
252,הכנסתי לו אלמנה שחורה לכילה ,I put a black-widow spider underneath his mosquito net ,I put a black widow in his net,69
253,הן הכי גרועות לקח לו שבוע שלם למות ,It took him a whole week to die ,They are the worst it took him a whole week to die,77
254,טעיתי ,Did I do wrong ,I was wrong,64
255,לא הייתי הופך את זה להרגל ,Well it wouldn't do to make a habit of it ,I would not make it a habit,76
256,יש לך אישה משלך ,Do you have a woman of your own ,You have your own wife,72
257,הוא מתקרב הנה הפעם אני רוצה לראות אותו ,This time I want to see it ,He's approaching here this time I want to see him,67
258,ומהר! יש לנו פחות מ-21 שעות ,There's less than 12 hours to go!,And fast! We have less than 21 hours,60
259,הישארו במקום  כולכם !,Stay where you are! All ofyou!,Stay in place all of you!,62
260,אם זה לא דרקון מה זה ,- What is it now - Look at these!,If it's not a dragon what is it,61
261,שכח מרוחות הרפאים קוורל ,Forget the spooks Quarrel ,Forget the quarrel ghosts,72
262,תירה בנהג אני אירה בפנסים ובצמיגים ,I'll take the headlights and tyres ,Shoot the driver I will shoot with headlights and tires,63
263,אמרתי לך להישאר מאחור ,I told you to stay there! - I was frightened ,I told you to stay behind,67
264,והבחורה ,- Do the girl first ,And the girl,69
265,מהר! אלא אם כן אתם רוצים עוד טבור ,Unless you want an extra navel ,Faster! Unless you want another navel,82
266,בעט אותו רחוק ממך ,Now kick it away from you ,Kick it away from you,91
267,לאן זה מצטער שאין לנו פרחים ,Sorry we ain't got any flowers ,Where is it sorry we do not have flowers,60
268,קדימה קדימה!,Come in Come in!,come on come on!,87
269,תני לי את הסכין הזה ,Give me that knife ,Give me that knife,100
270,עזבו אותו!,In here please ,Leave him!,61
271,עזבו אותו!,In here please ,Leave him!,61
272,תיכנסו!,Come on ,Come on in!,82
273,פקח עין על האיש ,Get inside! Keep an eye on the man ,Keep an eye on the man,80
274,ותיזהר הם היו בביצה ,They've been in the swamp and they're contaminated ,And be careful they were in the swamp,71
275,בדןק את מד הקרינה ,Check their Geiger reading ,Check the radiation meter,75
276,יותר מדי לצגי הבקרה ,Too much for the monitor ,Too much for control monitors,75
277,-הבוץ דבק בבגדים שלהם ,- The mud's soaked into their clothes ,-The mud stuck to their clothes,74
278,קודם הבחורה ,- Do the girl first ,First the girl,90
279,-אנחנו נותנים פה את הפקודות כן בסדר ,- We give the orders around here ,-We give the commands here yes ok,71
280,אבל תעשה משהו עם זה ,Fine but do something about this ,But do something about it,84
281,הוא ב-40 ,He's now at 8 ,He's at 40,70
282,שלבים שלוש וחמש ,Stages three and five ,Steps three and five,93
283,עכשיו 8 ,He's now 18 ,Now 8,62
284,-תכניס את היד ,- Put your hands in there ,- Put your hand in,82
285,הוא בסדר אודיע לקבלה שהם מגיעים ,I will notify reception they're coming through ,He's fine I'll let the reception know they're coming,65
286,כאן המקלחות ,Here we are ,Here are the showers,71
287,תיכנסו ,Come on ,Come in,86
288,תיכנסו! תיכנסו  ,Come in Come in!,Come on in! Come in,91
289,בהתחלה ציפינו לכם אתמול בשעת התה אחר כך לארוחת ערב ,First it was teatime yesterday and then dinner ,At first we were expecting you yesterday at tea later for dinner,62
290,ורק לפני חצי שעה נודע לנו שאתם בדרך ,It was only half an hour ago we knew you were on your way Cigarette ,And only half an hour ago we learned that you were on your way,81
291,זו האחות לילי תפקידנו להנעים את שהותכם אצלנו ככל האפשר ,We'll make your stay as pleasant as possible ,It is Sister Lily's our job to make your stay with us as pleasant as possible,71
292,זה יפה מאוד מצדכן אבל לעת עתה  כמובן תרצו לראות את החדרים שלכם!,That's most kind of you but  Oh you'll want to see your rooms!,This is very nice of you but for now of course you will want to see your rooms!,68
293,ארוחת הבוקר כבר בדרך ואז תרצו לישון ,Breakfast is ready and then you'll want to sleep ,Breakfast is already on the way and then you will want to sleep,72
294,נפלא!,And be careful ,Wonderful!,61
295,הנה  זה החדר שלך מר בונד ,- I don't want you here ,"Here is your room, Mr. Bond",65
296,וכאן המקלחת ,- We give the orders around here ,And here's the shower,63
297,ולך גבירתי הצעירה זה חדרך ,And for you young lady this is your room ,"And to you, young lady, this is your room",91
298,כאן תמצאי בגדים להחלפה ,You'll find fresh clothes in here ,Here you will find changeable clothes,71
299,אני אניח לכם עכשיו יקירים ,I'll leave you two dear people in peace ,I'll leave you now dear,71
300,-איך אתה יכול לאכול עכשיו ,He's now at 8 ,-How can you eat now,62
301,הנה קחי ,Take her away ,Here's take,67
302,יש  יש לך מושג מה יעשו בנו ,Have you  Have you any idea what they'll do with us No idea ,Do you have any idea what they will do to us,73
303,אין לי מושג אין ידיות לדלתות או לחלונות ,No door handles or windows either ,I have no idea no handles for doors or windows,71
304,אני לא מרגישה טוב ,I don't feel so good ,I do not feel well,63
305,הקפה המחורבן!,Damn coffee!,Damn coffee!,100
306,איך את מרגישה ,How do you feel ,How do you feel,100
307,היו סמים בקפה ,The coffee was drugged ,There were drugs in the coffee,69
308,את בסדר גמור ,You're doing fine ,You're fine,79
309,בואי ,Come on ,Come on,100
310,מכאן בבקשה ,In here please ,Hence please,77
311,אני שמחה שגם הידיים שלך מזיעות ,I'm glad your hands are sweating too Of course I'm scared too ,I'm glad your hands are sweating too,74
312,כמובן גם אני מפחד תתנהגי בטבעיות ותשאירי לי את כל הדיבורים ,Be natural and leave all the talking to me ,Of course I'm also afraid to behave naturally and leave all the talk to me,67
313,כאן בבקשה ,In here please ,Here please,88
314,בוא תראה!,Come on ,Come see!,67
315,אור מלאכותי ,Artificial light ,Artificial light,100
316,ייתכן שאנחנו מאות מטרים מתחת לפני הים ,We could be hundreds of feet beneath the sea Look at that ,We may be hundreds of feet below sea level,65
317,התפעלת מהאקווריום שלי ,You were admiring my aquarium Yes ,Admired my aquarium,65
318,כן הוא מרשים למדי ,It's quite impressive ,Yes it is quite impressive,89
319,פלא הנדסי אם יורשה לי לומר ,A unique feat of engineering if I may say so I designed it myself ,An engineering marvel if I may say so,63
320,"פרי תכנוני הזכוכית קמורה עובייה כ-20 ס""מ ",The glass is convex ten inches thick which accounts for the magnifying effect ,The fruit of the convex glass design is about 20 cm thick,61
321,לכן נוצר אפקט ההגדלה פוקסינים המתחזים ללווייתנים ,The glass is convex ten inches thick which accounts for the magnifying effect ,This creates a magnifying effect on foxins that impersonate whales,62
322,"ממש כמוך באי הזה ד""ר נו ",Just like you on this island Dr No ,Just like you on this island Dr. Nu,97
323,זה תלוי מר בונד באיזה צד של הזכוכית ניצבים ,It depends Mr Bond on which side of the glass you are ,It depends on Mr. Bond which side of the glass is standing,82
324,מרטיני ביובש בינוני עם קליפת לימון מעורבב לא מנוער ,A medium dry martini lemon peel shaken not stirred - Vodka ,Medium dry martini with unpeeled mixed lemon peel,67
325,יש כל כך הרבה על מה לדבר בזמן קצר כל כך ,There's so much to discuss So little time ,There is so much to talk about in such a short time,63
326,הייתי בנם הלא-רצוי של מיסיונר גרמני וסינית מבית טוב ,I was the unwanted child of a German missionary and a Chinese girl of good family ,I was the unwanted son of a German and Chinese missionary from a good home,84
327,אבל הפכתי לגזבר של כנופיית הפשע הגדולה בסין ,Yet I became treasurer of the most powerful criminal society in China ,But I became treasurer of the big crime gang in China,66
328,נדיר מאוד שאנשי טונג בוטחים במי שאינו סיני טהור ,It's rare for the Tongs to trust anyone who isn't completely Chinese ,It is very rare for Tong people to trust anyone who is not a pure Chinese,67
329,אני בספק אם יעשו זאת שוב ,I doubt they shall do so again ,I doubt they will do it again,75
330,ברחתי לאמריקה עם זהב שלהם בשווי עשרה מיליון דולר ,I escaped to America with ten million of their dollars in gold ,I fled to America with their gold worth ten million dollars,84
331,כך מימנת את המבצע הזה ,That's how you financed this operation A good idea to use atomic power ,This is how you funded this operation,60
332,בעבודתי רכשתי ידע ייחודי על הרדיואקטיביות אך שילמתי על כך מחיר כפי שאתם רואים ,My work has given me a unique knowledge of radioactivity but not without costs as you see ,In my work I acquired a unique knowledge about radioactivity but I paid a price for it as you can see,67
333,כן ,Yes ,Yes,100
334,כבר לא ,Not any longer ,No longer,78
335,"אבל יש לך כבר כל כך הרבה תיקים ד""ר נו:",But there are so many files open on you already Dr No ,But you already have so many Dr. No cases:,67
336,אצלנו ב-סי איי אי  הדוח של כנופיית טונג ששדדת ,Our own the CIA's  The one from the Tong society that you robbed ,"Here at CIA, the report of the Tong gang you robbed",60
337,יגיע היום שתגלה שזה אי קטן וחשוף מאוד ,When trouble comes you'll find this is a small and naked island ,The day will come when you will discover that it is a small and very exposed island,62
338,אבל אתה מגלה נטיות חקרנות תוהה למה איפה ומתי ,But the habit of enquiry is consistent I see you're wondering why where when ,But you find exploratory tendencies wondering why where and when,61
339,אני מספק את סקרנותך רק משום שאתה האדם היחידי שיכול להעריך את פועלי,I gratify your curiosity because you're the one man capable of appreciating what I've done,I satisfy your curiosity just because you are the only person who can appreciate my work,64
340,ולשמור זאת לעצמו ,and keeping it to himself Just a minute ,And keep it to himself,72
341,רק רגע אין צורך לערב את הנערה ,There's no point in involving the girl at this stage ,Just a moment there is no need to involve the girl,65
342,שחרר אותה ,In here please ,Release her,72
343,היא מבטיחה לא לדבר לא ,She'll promise not to talk ,She promises not to talk no,91
344,אני נשארת איתך ,- No I'm staying with you ,I'm staying with you,93
345,-אני לא רוצה אותך פה ,- I don't want you here ,- I do not want you here,93
346,אני מסכים ,I agree ,I agree,100
347,זה לא מקום מתאים לנערה ,This is no place for the girl ,This is not a suitable place for a girl,82
348,קחו אותה ,Take her away ,Take her,76
349,לא!,No!,No!,100
350,לא! אני בטוח שהשומרים ישעשעו אותה ,- I'm sure the guards will amuse her ,No! I'm sure the guards will entertain her,80
351,אישית אני מעדיף את בציר 53' ,I prefer the '53 myself ,Personally I prefer the 53 'vintage,64
352,טוב לא כולנו גאונים ,Well we can't all be geniuses can we ,Well not all of us are geniuses,69
353,תגיד לי הפלת טילים אמריקניים מפצה על אובדן ידיים ,Does the toppling of American missiles really compensate for having no hands ,Tell me dropping American missiles compensates for hand loss,68
354,טילים הם רק התחנה הראשונה להוכחת כוחנו ,Missiles are only the first step to prove our power Our power ,Missiles are just the first stop to prove our strength,70
355,כוחנו לנוכח הזלזול שלך בחיי אדם אתה עובד למען הגוש המזרחי ,Your disregard for human life means you must be working for the East ,Our strength in the face of your contempt for human life You are working for the Eastern Bloc,66
356,מזרח מערב  אלה רק נקודות במצפן כולם טיפשים באותה מידה ,East West - just points of the compass each as stupid as the other ,East West These are just points in the compass they are all equally stupid,71
357,"אני חבר ב""ספקטרה"" ",I'm a member of SPECTRE - SPECTRE - SPECTRE ,I'm a member of Spectra,71
358,"""ספקטרה"" -""ספקטרה"" ארגון מיוחד לריגול נגדי טרור נקמה וסחיטה ",Special Executive for Counterintelligence Terrorism Revenge Extortion ,"""Spectra"" - ""Spectra"" a special organization for espionage against revenge terrorism and extortion",60
359,ארבע אבני הפינה הגדולות של הכוח בראשות המוחות הגדולים בעולם ,The four cornerstones of power headed by the greatest brains in the world Correction ,The four great cornerstones of power led by the greatest minds in the world,79
360,המוחות הפליליים המוח הפלילי המצליח מנצח תמיד ,The successful criminal brain is always superior ,Criminal minds The successful criminal mind always wins,72
361,למה הפכת לפושע אני בטוח שהמערב היה מברך על מדען כמוך ,I'm sure the West would welcome a scientist of your  calibre ,Why you became a criminal I'm sure the West would welcome a scientist like you,76
362,האמריקנים אווילים ,The Americans are fools I offered my services ,The Americans are fools,68
363,הצעתי את שירותיי ,The Americans are fools I offered my services ,I offered my services,64
364,גם המזרח עכשיו שני הצדדים ישלמו על טעותם ,Now they can both pay for their mistake ,Even the East now both sides will pay for their mistake,74
365,שליטה בעולם כולו אותו חלום ישן!,World domination That same old dream ,Control of the whole world the same old dream!,72
366,בתי המשוגעים מלאים באנשים שחושבים שהם נפוליאון  ,Our asylums are full of people who think they're Napoleon  or God ,The madhouses are full of people who think they are Napoleon,77
367,על פי רוב כשמפריעים לי  אבל אתה היית שונה ,But you were different You cost me time money effort ,Mostly when I was disturbed but you were different,61
368,עלית לי כסף זמן מאמץ ,But you were different You cost me time money effort ,You cost me money and effort time,71
369,הסבת נזק לארגון שלי ולגאווה שלי ,You damaged my organisation and my pride ,Converting damage to my organization and my pride,81
370,הייתי סקרן להיווכח איזה מין אדם אתה ,I was curious to see what kind of a man you were ,I was curious to realize what kind of person you are,78
371,"חשבתי שאולי יש לך אפילו מקום בשורות ""ספקטרה"" ",I thought there might be a place for you with SPECTRE I'm flattered ,"I thought you might even have a place in the ""Spectra"" ranks",72
372,איזו מחמאה אני מעדיף את מדור הנקמה ,I'd prefer the revenge department ,What a compliment I prefer the revenge section,68
373,מובן שראשית הייתי בוחר לגלות את הרוצחים של סטרנגווייז וקוורל ,My first job would be finding the man who killed Strangways and Quarrel You are just a stupid policeman whose luck has run out ,Of course I would first choose to find out the killers of Strangeways and Quarrel,60
374,"שאזל לו המזל מחכים לך בחדר הפיקוד ד""ר נו ",They're waiting for you in the control room Dr No ,"He's out of luck waiting for you in the command room, Dr. Nu",73
375,הם עוד לא התחילו בבדיקת הספירה לאחור ,They won't have started their countdown check yet ,They have not yet begun the countdown check,76
376,האמריקנים ערוכים לכל צרה אני לא נכשל אף פעם מר בונד ,The Americans are prepared for any trouble ,Americans are prepared for any trouble I will never fail Mr. Bond,72
377,מה לעשות בו ,We don't want to stop ,What to do with it,67
378,טענתם כבר את הדלק החדש ,Have you got new fuel elements loaded All ready sir ,You have already loaded the new fuel,69
379,בקרה מפעילים מוכנים!,Control rod actuators operating ,Control Operators Ready!,63
380,טמפרטורת לבה 113 ,Core temperature 1 1 3 Converters ,Lava temperature 113,64
381,ממירים ,- Converters off ,Converters,83
382,ממירים עומדים הכן ,Converters standing by ,Converters stand ready,73
383,מכלי דלק ,- Thanks ,Fuel tanks,62
384,אנחנן רק בןדקים  ,- We'rejust checking  ,We're just checking,86
385,איפה צ'אנג ,- Fuel elements! Where's Chang ,Where is Chang?,63
386,צ'אנג מה אתה עושה שם ,What are you doing there ! Get on the gantry!,Chang what are you doing there,69
387,-דומם ממירים  קרינה ,Ignition heaters on Radiation ,- Inanimate radiation converters,68
388,הליך הכיבוי הושלם ,I sent a complete report ,The shutdown procedure is complete,62
389,הכור בטוח ,Reactor safe ,The reactor is safe,77
390,אנחנו נשארים עם חדר הפיקוד של מרקורי לספירה לאחור ,We stay on Mercury Control for the countdown ,We are left with Mercury's command room for countdown,68
391,עוד ארבע דקות בספירה לאחור  03 שניות ןנמשכת ,The countdown is now four minutes 30 seconds and counting ,Another four minutes in the countdown 03 seconds lasts,76
392,עמדו הכן ,Stand by ,Stand ready,74
393,שתי דקות לשיגור ,Approximately two minutes to go ,Two minutes to launch,62
394,מפעילים בהיכון ,Converters standing by ,Operators on standby,62
395,ממירים בהיכון ,- Converters off ,Converters ready,73
396,גלי רדיו להפלה מסונכרנים ,Synchronise radio beam for toppling ,Synchronous abortion radio waves,60
397,נמשיך לשדר עתה מחדר הבקרה של מרקורי לסיום הספירה לאחור ,We stay on Mercury Control for the countdown ,We will continue to broadcast now from Mercury's control room to complete the countdown,60
398,שימו לב כל מערכות הבקרה היכונו להפעלה  ,All elements ofoperation have reported that they are in good condition ,Note that all control systems are ready for operation,62
399,"""חבל הטבור"" ניתק ",The umbilical is retracted ,"The ""umbilical cord"" was severed",68
400,כל מרכיבי ההפעלה דיווחו שהם תקינים לטיסה ,All elements ofoperation have reported that they are in good condition ,All operating components reported being in good condition for the flight,68
401,עשר   תשע  שמןנה   שבע  שש   חמש  ,Nine  Eight  Seven  ,Ten nine eight seven six five,71
402,אחת  אפס !,Zero!,one zero !,67
403,-תפסיקו!,That's it ,- Stop it!,62
404,שתיים  ,Two  ,two,100
405,אנו רואים את מתאר הטיל  המנועים בוערים  אתם שומעים את הרעש  הוא נשמע חזק וברור ,The engines are burning You can hear the roar which still sounds good and true ,We see the outline of the missile the engines are burning you hear the noise it sounds loud and clear,66
406,זה טיל חם נורא ,It's a very hot rocket ,It's a terribly hot missile,65
407,האני!,Honey!,Honey!,100
408,האני!,Honey!,Honey!,100
409,איפה הבחורה שבאתי איתה ,- Where's the girl I came in with - I don't know!,Where's the girl I came with?,78
410,איפה הבחוה שהביאו הנה איתי ,Where's the girl they brought in with me - Number twelve ,Where is the prom that they brought here with me,73
411,מר בונד!,Ahoy Mr Bond!,Mr. Bond!,74
412,מר בונד!,Ahoy Mr Bond!,Mr. Bond!,74
413,אני בטוח שאתה לא ,I'm quite sure you don't ,I'm sure you are not,68
414,הפקת כותרות:,Chang!,Heading:,67
415,בימאי:,Reactor safe ,director:,60
416,-לא ,- No ,-No,100
417,לא נעצור את המכונית שוב ,We ain't stopping the car again ,We will not stop the car again,69
418,-אנחנו לא רוצים לעצור ,We don't want to stop ,- We do not want to stop,88
419,אנחנו רוצים לדעת אם אנחנו ילדים טובים ,We want to know are we good boys ,We want to know if we are good kids,81
420,כן אתם ילדים טובים ,So are the children ,Yes you are good children,73
421,בסדר טובי תן להם ממתק ,All right Toby give 'em a piece of candy ,"All right, give them some candy",64
422,תודה ,- Thanks ,Thanks,100
423,תודה ,- Thanks ,Thanks,100
424,-בבקשה ,- You're welcome ,-you are welcome,97
425,-למה לא ,Why not ,-Why not,100
426,"השלט אומר ""סגור לציבור"" ","Well that signs says ""closed to the public ""","The sign says ""closed to the public""",88
427,-אנחנו לא הציבור ,Well we ain't the public ,- We are not the public,71
428,אנחנו חלק מהממשלה ,We're part of the government ,We are part of the government,88
429,היא שולחת לי שיקים ,They send me checks ,She sends me checks,89
430,אנחנו לא הציבור טובי ,Well we ain't the public ,We are not the best public,64
431,ארים אותה ,I'll lift her off ,I will raise her,61
432,אתה לא תעשה שום דבר כזה ,Women don't aim to let you wait ,You will not do anything like that,62
433,אתה מקבל 63 דולר ו-80 סנט בחודש כי הצבא הרס לך את הגב ,You're getting $63 80 a month  because the army totally disabled your back ,You get $ 63 and 80 cents a month because the military destroyed your back,71
434,אני לא מרגיש שהגב שלי הרוס ,It don't matter how your back feels ,I do not feel my back is ruined,64
435,-לא משנה איך אתה מרגיש ,It don't matter how your back feels ,-No matter how you feel,70
436,חשוב מה הרופאים של הצבא אומרים ,It's what the army doctors say that counts ,It matters what the army doctors say,77
437,-אני אומר לך אבא הם בדקו אותי מיד אחרי שיעור הג'ודו הראשון שלי ,I keep telling you Pop  they examined me right after my first judo lesson ,-I'm telling you Dad they checked me out right after my first judo class,76
438,טובי נצא החוצה -זה בסדר ,- Toby we'll get out ,"Toby, we'll go out - it's okay",76
439,הגב שלך לא נתפס שוב בן -לא ,Didn't twist your back again did you son ,Your back is not caught again no-no,61
440,השתמשתי בעיקר בידיים יופי ,No sir I just used mostly my hands ,I used mostly beauty hands,63
441,-מעניין לאן הכביש מגיע ,Good - I wonder where the road goes ,- I wonder where the road is going,83
442,-כן הולי ,- Yeah Holly ,"- Yes, Holly",84
443,תקשיב שמתי לב שלא עברנו ליד בית או אפילו תחנת דלק כל זמן שנסענו בכביש הזה ,Listen I've been taking notice We haven't passed a house or even a gas station  the whole time we've been on this road ,Listen I noticed we did not pass by a house or even a gas station as long as we drove on this road,68
444,מד הדלק שלך מראה ריק לא ,And I'll show you a girl,Your fuel gauge shows a blank no,61
445,אני לא מבין את זה ,I can't understand it ,I do not understand that,76
446,לאן אתה הולך בן ,Where you going son ,Where are you going son?,90
447,אתה לא תעשה את זה -למה ,- Will you look at me ,You will not do it - why,63
448,אולי נגמר לממשלה הכסף לפני שהספיקו לסיים אותו ,Maybe the government run out of money  before they could finish it ,Maybe the government ran out of money before they could finish it,98
449,כמה פעמים אמרתי לך שלממשלה לא נגמר הכסף ,How many times I have to tell you  that the government don't run out of money ,How many times have I told you that the government does not run out of money,89
450,רק לאנשים נגמר הכסף ,Only people run out of money ,Only people run out of money,100
451,הממשלה עשירה ,The government's loaded ,The government is rich,71
452,תעיר אותי כשרכב סיור יעבור כאן -בסדר אבא ,Wake me up when that truck patrols by here ,Wake me up when a patrol car passes by here - okay Dad,66
453,טובי יתחיל להחשיך בעוד כמה שעות אני לא חושב שנוכל למנוע זאת ,I don't see how we can prevent it I'm awful thirsty ,Toby will start to get dark in a few hours I do not think we can prevent this,61
454,גם הילדים ,So are the children ,The children too,69
455,אני מצטער הולי אבל אין עליי מי שתייה כרגע מעניין איפה משטרת התנועה ,I'm sorry Holly but I don't happen to have  any drinking' water on me right now ,I'm sorry Holly but I have no drinking water at the moment I wonder where the traffic police are,65
456,טובי -כן ,- Toby!,Toby -yes,67
457,תמיד יש מי תהום והם לא מתערבבים במים מלוחים אז אם חופרים עד עומק המים מגיעים למים המתוקים ,Well there's always what you call ground water  and it  it doesn't mix with the saltwater  so if you dig down to water level you can get the fresh ,There is always groundwater and they do not mix with salt water so if you dig to the depth of the water you get to the fresh water,74
458,עוד משהו שאין עליי הוא את חפירה ,Well another thing I don't have on me is a shovel ,Another thing I don't have is the shovel,81
459,צריך רק לגרוף או משהו ,All you need is sort of a scoop or something ,Just need to rake or something,62
460,בוודאי יש כאן משהו שנוכל להשתמש בו ,There ought to be something around here we could use ,Surely there is something here that we can use,63
461,מה עם זה ,- What about this ,What about it,86
462,אני אחזיר אותו לפני שהוא יתעורר ,Oh I'll put it back on before he wakes up ,I'll bring him back before he wakes up,76
463,בואו נמשיך לזרוק ,Just keep throwing ,Let's keep throwing,70
464,גבוה יותר ,Higher ,Higher,100
465,גבוה יותר ,Higher ,Higher,100
466,אבא אתה רוצה לנסות אחד ,- Hey Pop you want to try one ,Dad you want to try one,80
467,-לא אני לא רוצה לנסות ,- No I don't want to try one ,-No I do not want to try,90
468,בבקשה אריאדנה ,Come on Ariadne ,Please Ariadne,62
469,את מרוצה כמו חתולה נכון ,You're just as happy as a house cat ain't you ,You're as happy as a true cat,73
470,נשים אוהבות לעשות דברים בשביל המשפחה שלהם ,Women like doing things for other people ,Women love to do things for their family,70
471,מה אמרתי שכל כך מצחיק ,- What'd I say that was so funny ,What did I say that's so funny,87
472,-שום דבר ,- Oh nothing ,-Nothing,82
473,רק נזכרתי אחרי שההורים שלך מתו כשאבא הביא אותך אלינו  איזה יצור רזה וכחוש היית כולך עיניים ומרפקים ,I was just remembering after your folks died  when Pop took you in  what a skinny scrawny little thing you were  all eyes and elbows ,I just remembered after your parents died when Dad brought you to us what a thin and skinny creature you were all eyes and elbows,74
474,ועכשיו את כמעט  כמו שאמרת כמעט אישה ,And now you're practically  well like you said practically a woman ,And now you're almost like you said almost a woman,63
475,טובי ,- Toby!,Toby,100
476,אתה מוכן להסתכל עליי ,- Will you look at me ,You're ready to look at me,67
477,לא אני מתכוונת היטב ,No I mean real good ,No I mean well,73
478,"אני יודע שאת אישה הולי ואני יודע שאמרתי ""כמעט"" זה מטריד אותך נכון ","I know you're a woman Holly  and I know I said ""practically""  and that bothers you don't it ","I know you're a Holly woman and I know I said ""almost"" it bothers you right",79
479,כן טוב  ,- Good ,Yes good,67
480,אני בת 19 ואני בנויה לתלפיות ,Yeah well I am 19 years old and I'm  ,I am 19 years old and I am built for Talpiot,66
481,כן אני יודע גם את זה ואני שמח על כך ,I know that too And I'm glad of it ,Yes I know that too and I'm happy about it,74
482,באמת טובי ,No I mean real good ,Really good,60
483,כי אני מנסה שלא להבחין בדברים כאלה ואת אדם שמתאים להתאמן עליו ,Because I'm trying not to notice things like that  and you're a good one to practice not noticing on ,Because I try not to notice such things and a person who is suitable to practice on,73
484,למה אני ,Well why me ,Why am I,63
485,את זוכרת את איימי ,- You remember Amy ,Do you remember Amy?,91
486,כן אני זוכרת את איימי ,- Yeah I remember Amy ,Yes I remember Amy,92
487,את יודעת משהו על סקס הולי ,You know anything about sex Holly ,Do you know anything about Holly sex?,96
488,ברור שכן ,Of course I do ,Of course it is,83
489,מי סיפר לך ,Who told you ,Who told you,100
490,אני לא זוכרת ,I don't remember ,I do not remember,79
491,לא משנה ,- That doesn't matter ,Does not matter,76
492,גרת אתנו מגיל 13 ,You've been living with us since you was thirteen ,You have lived with us since the age of 13,62
493,ידעת על זה אז ,You know about it then ,You knew about it then,95
494,טובי תניח לי ,Oh Toby leave me alone ,Toby let me,61
495,אני מצטער מותק ,I'm sorry honey ,I'm sorry baby,76
496,לא התכוונתי להכעיס אותך ,Now you've got what I'm not,I did not mean to upset you,63
497,אני רק מנסה להסביר מה ששאלת ,I was just trying to explain what you asked me ,I'm just trying to explain what you asked,94
498,-אז תסביר ואל תשאל שאלות ,Well then explain Don't ask questions ,-So explain and do not ask questions,69
499,זה כמו שאבא אמר ,It's a wonderful life,It's like Dad said,62
500,נשים מקננות מטבען ,Women are natural nesters ,Women naturally nest,80
501,תראי איך התחלת לקנן כאן את מבשלת ארוחת ערב והכול  מתחילה מאפס ,Just look at the way you took to nesting right here  cooking dinner and everything starting from scratch ,Look how you started nesting your dinner brewery here and it all starts from scratch,65
502,אני אשמח לדעת מה כל כך נורא בקינון ,Well I would dearly love to know  what's so awful about nesting ,I would love to know what's so awful about nesting,89
503,זה רק להתחתן ולהקים בית ,It's just being married and having a house ,It's just getting married and building a house,86
504,שום דבר חוץ מזה כשעושים את זה כשלא רוצים ,Well nothing except doing it when you don't want to ,Nothing but when you do it when you do not want to,73
505,אני חושב שצריך להרשות לגבר לחכות עד שהוא ירצה ,I think a man ought to be allowed  to wait until he wants to ,I think a man should be allowed to wait until he wants to,91
506,נשים לא רוצות לתת לך לחכות ,Women don't aim to let you wait ,Women do not want to let you wait,81
507,לכן אני משתמש בהשכלה שלי נגדן ,That's why I use my education aging' 'em ,That's why I use my education against them,85
508,ההשכלה שלך ,Your education Mm-hmm ,Your education,80
509,לוח הכפל ,Multiplication tables ,Multiplication table,98
510,בכל פעם שבחורה יפה עומדת לידי ומטרידה אותי אני רק עוצם עיניים ואומר אחת כפול אחת זה אחת,Anytime some pretty gal is standing around bothering me  I just close my eyes and I say  ,Every time a beautiful girl stands next to me and bothers me I just close my eyes and say one double one is one,61
511,לרוב עד השישיות זה מספיק הן כבר נגעלות והולכות ,Most of the time I only have to get to the sixes  and they get disgusted and go away ,For the most part by the sixths it is enough they are already disgusted and going,63
512,אני מתארת לי ,I can imagine ,I imagine,82
513,זה מה שקרה לילה אחד מאחורי אולם הבאולינג עם גרטרוד ,That's what happened that night  behind the bowling alley with Gertrude ,This is what happened one night behind the bowling alley with Gertrude,87
514,שכחתי את התשיעיות ,I forgot the nineses ,I forgot the ninth,84
515,טובי ,- Toby!,Toby,100
516,כשאתה אומר  שאתה רוצה לחכות אתה באמת רוצה ,When  when you say that you want to wait do you want to ,When you say you want to wait you really want to,82
517,זאת אומרת שאתה לא רוצה להתאהב ,Does that mean that you  you don't want to fall in love ,That means you do not want to fall in love,81
518,לא כולם רוצים להתאהב ,Doesn't everybody want to fall in love Not me ,Not everyone wants to fall in love,78
519,לאבא היה שיר שהסביר את זה לא רע תני לי לחשוב ,Pop had a song that explained it pretty well ,Dad had a song that explained it not bad let me think,68
520,"""תראה לי נערה עם גומות בלחיים ",Show me a girl With a dimple on her cheek,"""Show me a girl with dimples in her cheeks",88
521,"""פיה מתוק מדבש כשהיא מדברת ",Butter melts in her mouth When she opens it to speak,"""Her mouth is sweeter than honey when she speaks",63
522,"""תראה לי נערה עם התנהגות מעודנת ",Show me a girl Who is acting so refined,"""Show me a girl with refined behavior",75
523,"""ואני אראה לך נערה",And I'll show you a girl,"""And I'll show you a girl",100
524,"""שרק דבר יש במוחה ",With one thing on her mind,"""That there is only one thing in her mind",64
525,"""אז אני אומר את יודעת מה ",So I say you know what ,"""So I say you know what",100
526,"""היא אומרת מה ",She says what ,"""She says what",100
527,"""אני אומר מה ",I say what ,"""I say what",100
528,"""אני לא הסוג שמתחתן ",Oh I'm not the marrying kind,"""I'm not the type to get married",64
529,"""אבל אני לא הסוג שמתחתן ",But I'm not the marrying kind,"""But I'm not the type to get married",69
530,"""אל תנשקי אותי אל תתפסי אותי ",Don't kiss me don't claw me,"""Do not kiss me. Do not catch me",81
531,"""אל תלטפי אותי אל תיגעי בי ",Don't pet me don't paw me,"""Do not pet me. Do not touch me",67
532,"""לא אזנח את חירותי ",I won't leave my freedom behind,"""I will not abandon my freedom",67
533,"""אז אני אומר את יודעת מה ",So I say you know what ,"""So I say you know what",100
534,"""היא אמרה מה ",She says what ,"""She said what",85
535,"""אמרתי מה ",I say what ,"""I said what",86
536,"""אני לא הסוג שמתחתן ",Oh I'm not the marrying kind,"""I'm not the type to get married",64
537,"""את יודעת מה ",You know what ,"""you know what",100
538,"""היא אמרה מה ",She says what ,"""She said what",85
539,"""אמרתי מה ",I say what ,"""I said what",86
540,"""אל תנשקי אותי אל תתפסי אותי ",Don't kiss me don't claw me,"""Do not kiss me. Do not catch me",81
541,"""אל תלטפי אותי אל תיגעי בי ",Don't pet me don't paw me,"""Do not pet me. Do not touch me",67
542,"""לא אזנח את חירותי ",I won't leave my freedom behind,"""I will not abandon my freedom",67
543,"""אז אני אומר את יודעת מה ",So I say you know what ,"""So I say you know what",100
544,"""היא אמרה מה ",She says what ,"""She said what",85
545,אמרתי מה ,I say what ,I said what,86
546,"""אני לא הסוג שמתחתן ",Oh I'm not the marrying kind,"""I'm not the type to get married",64
547,"""אני לא אני לא אני לא אני לא ",I'm not I'm not I'm not I'm not,"""I am not I am not I am not I am not",70
548,"""ועכשיו את יודעת למה לא ",So I say you know what ,"""And now you know why not",65
549,"""אני לא הסוג שמתחתן ",Oh I'm not the marrying kind,"""I'm not the type to get married",64
550,"""אני לא הסוג שמתחתן ",Oh I'm not the marrying kind,"""I'm not the type to get married",64
551,בוא אריאדנה ,Come on Ariadne ,Come Ariadne,89
552,המושל אמור לצאת מכביש החוף ב-11 ,The governor's scheduled to start  from the coast highway at 11:00 ,The governor is scheduled to leave Coast Road at 11 p.m.,68
553,אין ספק שיש לך זכות להתגאות מאוד בפרויקט הזה מר קינג ,You certainly got a right to be  mighty proud of this project Mr King ,You certainly have a right to be very proud of this project Mr. King,86
554,"אין פחית או עטיפת מסטיק לאורך כל 45 הק""מ ",Not a tin can or a gum wrapper along the whole thirty miles ,There is no can or gum wrapper along the entire 45 km,71
555,עצור עצור ,Stop!,Stop Stop,62
556,מה בשם כל  ,What  what in the name of  ,What in the name of all,81
557,מה קורה כאן ,What's going on here ,what's happening here,73
558,אני מניח שאתה מהממשלה ואני אומר שהגיע הזמן ,I reckon you're from the government  and I will say it's about time ,I guess you're from the government and I say it's time,80
559,אני מפקח כבישים מטעם המדינה ואני רוצה לדעת מה אתם עושים כאן ,I am the state supervisor of highways  and I want to know what you're doing here ,I'm a road supervisor on behalf of the state and I want to know what you guys are doing here,80
560,נגמר לנו הדלק בכביש הזה ,See we ran out of gas here on this road ,We ran out of gas on this road,87
561,-אל תאמר לי את זה ,Don't give me that stuff ,- Do not tell me that,65
562,התנחלתם כאן ,- You're his son ,You settled here,60
563,לא יכולנו להתנחל במקום אחר כי כאן נגמר לנו הדלק ,Well we couldn't camp nowhere else  because this is where we ran out of gas ,We could not settle elsewhere because here we ran out of gas,72
564,אני חושב אני חושב שאתם במרחק 15 מטר ממרכז הכביש הזה ,I think  I think you're within fifty feet  of the center line of that road ,I think I think you're 15 feet from the center of this road,79
565,זאת אומרת שמבחינה חוקית אתם על דרך ציבורית ,That means that legally speaking  you're on the thoroughfare ,This means that you are legally on a public road,62
566,אני לא רואה פה שום פקק ,- I don't see any jam-up here ,I do not see any traffic jam here,77
567,-זה לא משנה ,- That doesn't matter ,-It does not matter,70
568,אתה לא יכול להתנחל בדרך ציבורית כאילו היא שייכת לך ,You can't just camp on a public thoroughfare as if you owned it ,You can not settle in a public way as if it belongs to you,66
569,אני מצווה עליכם לארוז את הבלגן שלכם בטרנטה הזאת ולצאת מכאן ,I am ordering you to pack your junk in that jalopy  and clear out ,I command you to pack your mess in this Taranto and get out of here,63
570,אתה טוען שאזל לך הדלק ,You claim you're out of gas do you ,You claim you ran out of gas,84
571,-כן אדוני וגם הסבלנות כלפי הממשלה הזאת כמעט אזלה לי ,Yes sir And I'm mighty near out of patience  with this kind of government ,-Yes sir and also the patience towards this government almost ran out for me,61
572,אני רוצה את שמך וכתובתך ,I want your name and address ,I want your name and address,100
573,אנחנו משפחת קווימפר ממחוז קרנברי זה מעבר לגבול המדינה ,We're the Kwimpers from Cranberry County  just over the state line ,We are the Quimper family from this county of Cranberry across the state border,62
574,רק תשלח למחוז הם תמיד יודעים איפה למצוא אותנו ,Just care of the county  they always know where to find us ,Just send to the district they always know where to find us,81
575,אתה בנו ,- You're his son ,You are our son,69
576,-כן ,Yes sir ,-Yes,60
577,והיא אשתך ,And she is your wife ,And she's your wife,97
578,לא אדוני ,Oh uh no sir ,Not sir,63
579,טדי ואדי שיושבים על המכונית הם מין דודנים רחוקים או משהו ,Teddy and Eddy sittin' over there on that car  they're some sort of fourth cousin or something ,Teddy and Eddie sitting on the car are kind of distant cousins ​​or something,66
580,אחרי שההורים שלהם מתו לקחנו אותם אלינו ,After their folks died we just sort of took 'em in ,After their parents died we took them to us,63
581,הם לא עולים לנו הרבה כי אנחנו מקבלים קצבה בשבילם ,They don't cost us much though  on account of we collect aid for dependent children ,They do not cost us much because we get an annuity for them,60
582,הנערה שם היא הולי ג'ונס ,That teenager there she's Holly Jones ,The girl there is Holly Jones,61
583,היא נשארה אתנו מאז ,She's just stayed with us ever since ,She has stayed with us ever since,90
584,והילדה הקטנה התייתמה רק בשנה שעברה ,And that little girl she was orphaned just last year ,And the little girl was only orphaned last year,83
585,היא רק בת שלוש ושמה אריאדנה ,She's just three years old Her name's Ariadne ,She is only three years old and her name is Ariadne,81
586,עכשיו תואילו להעמיס את הבלגן הזה ,Let's get this place cleaned up ,Now please load up on this mess,61
587,-כן אדוני ,Yes sir ,-Yes sir,100
588,אני רק ניסיתי  ,I was just trying to  ,I just tried,62
589,-רק רגע רק רגע ,Just a moment ,-Just a moment just a moment,65
590,הוא לא יכול להעמיס ,Wait a minute He can't load nothing ,He can not load,60
591,יש לו קצבת נכות מלאה בגלל הגב ,He's on total disability for a bad back ,He has a full disability pension because of his back,66
592,-נכות מלאה ,- Total disability ,-Full disability,77
593,ומה אתה מקבל דמי אבטלה ,What do you collect unemployment compensation ,And what you get unemployment benefits,65
594,"-כולכם נתמכים ע""י הממשלה ",All wards of the government huh ,- You are all supported by the government,63
595,בעוד 15 דקות המושל של המדינה הזאת ייסע בכביש הזה ויחנוך אותו והוא לא יראה שום בלגן כזה ,Well look here In 15 minutes the governor of this state  is gonna drive along this road and dedicate it  and he's not gonna be looking at any mess like this ,In 15 minutes the governor of this country will drive on this road and inaugurate it and he will not see any such mess,68
596,-כן אדוני ,Yes sir ,-Yes sir,100
597,אני לא מבין למה אני צריך להסביר לכם אבל הכביש הזה הכביש הזה הוא חלק מתכנית גדולה למען רווחת הציבור ,I don't know why I should explain anything to you  but this road this road  is part of a big public betterment program ,I do not understand why I have to explain to you but this road this road is part of a great program for the welfare of the public,69
598,כן ,Yes sir ,Yes,60
599,שם תהיה שמורת טבע ,Back there a wildlife preserve ,There will be a nature reserve,77
600,-גם זה יפה מר קינג ,- That'll be nice too ,"- That's beautiful, too, Mr. King",60
601,באות הרבה מכוניות ,Here come a bunch of cars ,A lot of cars come,70
602,זה בוודאי המושל ,It must be the governor ,It's probably the governor,69
603,אוי לא ,Oh no ,Oh no,100
604,-תשכח את הדלק ,I forgot the nineses ,-Forget the fuel,63
605,בואו ננקה את המקום הזה ,Let's get this place cleaned up ,Let's clean this place,83
606,-רק רגע ,Just a moment ,-just a minute,77
607,אתה בוודאי מטורף ,You must be insane ,You must be crazy,74
608,בעצמך אמרת שהדרך הציבורית מגיעה עד 15 מטר מקו האמצע ,You said yourself the public thoroughfare  is fifty feet from the center line ,You yourself said that the public road reaches up to 15 meters from the center line,67
609,‏15 מטר מסתיימים שם ,What's it matter where it ends ,15 meters ends there,64
610,טדי ואדי מדדו עכשיו ,Teddy and Eddy just measured it ,Teddy and Eddie were measuring now,65
611,נכון בנים ,Right boys ,True boys,63
612,-נכון ,- Right ,-Right,100
613,אחורה ,Back ,backwards,62
614,אחורה ,Back ,backwards,62
615,אחורה ,Back ,backwards,62
616,מה זה משנה איפה זה נגמר ,What's it matter where it ends ,What does it matter where it ends,89
617,זה רכוש המדינה אידיוט ,This is state property you idiot ,This is state property idiot,93
618,זה רכוש פרטי ,This is private property ,It's private property,89
619,אוי לא ,Oh no ,Oh no,100
620,הוא עוצר ,Stop!,He stops,67
621,מר קינג מה הבעיה כאן ,Mr King What seems to be the trouble here ,Mr. King what's the problem here,69
622,מושל הוד מעלתך אני מצטער מאוד אבל האנשים האלה מפריעים לדרך הציבורית ,Governor your excellency I'm very sorry but these people  are obstructing a public thoroughfare ,Your Honorable Governor I'm very sorry but these people are interfering with the public road,67
623,-כן אדוני ,Yes sir ,-Yes sir,100
624,-בוקר טוב אדוני ,Good morning sir ,-good morning sir,100
625,אדוני המושל אם אתה מינית את האיש הזה מוטב שתצא מהמכונית שלך עכשיו ותעמיד אותו במקום ,Mr Governor if you appointed this man  I think it best you get out of the car right now  and put him straight ,"Mr. Governor, if you sexualized this man, you better get out of your car now and put him in his place",73
626,אדם כמוך בוודאי מכיר את החוק זה מתועד עכשיו ,A man like you has got to know the law  and it's on the record now ,A person like you probably knows the law that is being documented now,64
627,אתה עד להפרה של זכויות אזרח ,You witnessed his violation of a citizen's rights ,You are a witness to a violation of civil rights,78
628,אתה לומד משפטים אדוני ,Are you a student of the law sir ,"You're studying law, sir",65
629,טוב אני יודע שהמשטרה לא יכולה להיכנס לנכס פרטי אלא אם כן יש לה צו או אם היא במרדף אחרי אנשים ,Why  I know that the police can't come on private property  unless they's got a warrant or is chasing people ,Well I know the police can not enter a private property unless it has an order or if it is in pursuit of people,67
630,ואיש לא יכול לרדוף אחרינו כי אנחנו לא בורחים אז מוטב שירד מהנכס הפרטי ,Now nobody can chase us on account of we ain't running So it's best they get off that private property  ,And no one can chase us because we are not running away so it's better he got off the private property,76
631,נכון מושל נכון ,- right governor ,True true governor,69
632,אדוני זה לא רכוש פרטי ,This is private property ,Sir this is not private property,86
633,ידוע לך מה החוק אומר על הקמת בית נכון מושל ,Well you know what the law states  about homesteading don't you governor ,Do you know what the law says about establishing a proper home governor,69
634,אנחנו מקימים בית מקצה הכביש עד קצה הנהר ,Well we're homesteading from the end of the thoroughfare  to the edge of the river ,We build a house from the end of the road to the end of the river,70
635,מקימים בית מה ,She says what ,Establish a house what,63
636,אם הם מתקינים גג ונשארים בו שישה חודשים הם הופכים לבעלי השטח ,If they put up a roof  and stay on it for six months they own it ,If they install a roof and stay in it for six months they become the landowners,70
637,האיש צודק מושל ,The boy's right governor ,The man is right governor,73
638,הם נמצאים על רכוש פרטי ,Uh they're on private property ,They are on private property,83
639,כבדו רכוש פרטי בכל זמן רבותיי ,Respect private property at all times gentlemen ,Respect private property at all times gentlemen,100
640,זה החוק ,That's the law ,That's the law,100
641,הצדק נעשה ,This is just fine ,Justice is done,69
642,נתראה אחר-כך מר קינג בואו נמשיך הלאה ,I'll see you later Mr King ,See you later Mr. King. Let's move on,75
643,תשמור על עצמך -תודה אדוני ,- Take care of yourself ,Take care of yourself - thank you sir,75
644,בואו נריע שלוש תרועות לאבא ,Let's give three cheers for Pop ,Let's shout three cheers to Dad,65
645,פרחחים ,- Brats ,Brats,100
646,למי אתה קורא פרחחים ,- Who you calling brats ,Who do you call brats,86
647,אני אטפל בזה לכו לשחק ילדים ,I'll take care of it ,I'll take care of it. Go play children,70
648,זה רעיון טוב ,That's a good idea ,it's a good idea,76
649,כן יש חוק הקמת בתים ואתה ניצלת אותו היטב אבל יש גם חוקים אחרים קווימפר חוקים שיגרמו לך הרבה חוסר נעימות ,Oh yes there's a homestead law  and you've taken good advantage of it  but there's other laws Kwimper  laws that might cause you a lot of unpleasantness ,Yes there is a law of building houses and you have used it well but there are also other laws Quimper laws that will make you a lot of unpleasantness,72
650,אחד מהם למשל אומר שאיש מכם לא יקבל עוד קצבאות סעד ממדינת הבית שלכם ,One for instance provides that  none of you receive any more welfare benefits  from your home state ,One of them for example says that none of you will receive any more welfare benefits from your home country,75
651,-אבא אתה רוצה לזרוק את האיש הזה מהרכוש שלנו ,Pop he  Pop you want me to throw this fella off our property ,"- Dad, you want to throw this man out of our property",81
652,לא לא לא ,No no no ,no no no,100
653,רק תשאיר אותו כאן ,No just leave him be ,Just leave it here,74
654,הסוכה הזאת לא מתאימה לשום הגבלות בנייה שאני מכיר ,That lean-to doesn't conform  to any zoning restriction I know of ,This sukkah does not conform to any building restrictions I am familiar with,61
655,קווימפר אני גאה בתפקידי ובאחריותי כלפי הציבור ,Kwimper I'm proud of my job  and of my responsibility to the people ,Quimper I am proud of my role and responsibility to the public,64
656,אני חייב לעשות כמיטב יכולתי כדי לסלק אנשים כמוך מהאזור ,I owe them my best efforts to run your sort out of this area ,I must do my best to remove people like you from the area,60
657,תשמע ממני בקרוב בוא ג'ו ,You'll be hearing from me shortly ,Hear from me soon come Joe,64
658,מה שמוזר  עמדתי להחזיר לו את אדמתו ואז הוא התחיל להתנהג מגעיל ,Funny thing  I was just about to give him back his land  when he turned nasty ,Strangely enough I was about to give him back his land and then he started behaving disgustingly,62
659,עכשיו אני לא יודע מה לעשות ,Now I don't know what to do ,Now I do not know what to do,87
660,אבא לא התכוונת למה שאמרת על הקמת בית והכול ,Pop didn't you mean what you said  about homesteading and all ,Dad did not mean what you said about building a house and everything,66
661,-טוב אבא  אני צריך לחשוב על זה טוב ,- I got think it over Tobe ,-Good Dad I need to think about it well,61
662,טובי ,Nobody ,Toby,60
663,תחזיק אצבעות ותתפלל ,- Toby - Huh Cross your fingers and pray ,Hold fingers and pray,63
664,שנישאר כאן שנישאר כאן לתמיד ,To homestead To stay here to stay here for always ,Let us stay here Let us stay here forever,64
665,זה לא הגיוני בעיניי מה רע בבית הקודם שלנו ,What's wrong with our own home After Gertrude Patterson leaves that is ,It does not make sense to me what is wrong with our previous home,61
666,אחרי שגרטרוד פטרסון תעזוב זאת אומרת ,What's wrong with our own home After Gertrude Patterson leaves that is ,After Gertrude Patterson leaves I mean,65
667,זה לא הבית שלנו זה הבית שלך ,Oh it not our home it's your home ,This is not our home this is your home,79
668,אם  אם נבנה כאן בית הוא באמת יהיה שלי בחלקו ולא רק בית שהורשיתי לגור בו ,But if  if we built a place here  it would really be part mine  and not just a place I was allowed to move into ,If a house is built here it will really be mine in part and not just a house I was allowed to live in,76
669,זה יהיה ביתי האמיתי הראשון ,Be my first real home ,This will be my first real home,81
670,כלומר ,- That's right ,That is,74
671,נשים מקננות מטבען כמו שאבא אמר ,I mean  women are just natural nesters just like Pop said ,Women naturally nest like Dad said,67
672,טובי אפשר לחשוב שלגבר בוגר תהיה דעה משלו על דברים ,Toby a body would think a grown man  could make up his own mind about things ,Toby one might think that a mature man would have his own opinion on things,60
673,אני מסכים אתך ,Well I agree with you there ,I agree with you,74
674,גם אני אוהב להחליט לבד אבל בסוף אני ממילא עושה מה שאבא רוצה ,I kind of like to make my own decisions too  but I usually wind up doing what Pop wants anyway ,I also like to decide on my own but in the end I do what Dad wants anyway,67
675,אתה לא מבין שאני רוצה להישאר אני כל כך רוצה להישאר ,Don't  don't you understand that I want to stay ,You do not understand that I want to stay I so want to stay,76
676,אני אטפל בזה ,I'll fix it ,I'll handle it,64
677,את אומרת שעוד לא למדת איך להתמודד עם גבר עקשן כמו אבא ,You mean you haven't learned how to handle  a contrary man like Pop yet ,You say you have not yet learned how to deal with a stubborn man like Dad,73
678,כדאי שנסתלק מכאן ,- We'd better get out of here ,We should get out of here,69
679,אני אשבור אותו כמו ענף יבש ,I'll break him off like a dry twig ,I'll break it like a dry branch,71
680,אנחנו נשארים ,We're staying ,We stay,70
681,-אבל אבא איך נוכל להסתדר איך נסתדר ,So we can build a dock ,"-But Dad, how can we get along?",60
682,זה התחום שלי ,This is just fine ,This is my domain,65
683,אני אטפל בעבודת המוח ,I'll take care of the brain work ,I will take care of the brain work,88
684,טובי  טובי אני יכולה לנשק אותך על זה ,Toby  Toby I could kiss you for that ,Toby Toby I can kiss you for that,91
685,אחת כפול אחת זה אחת ,One times one is one ,One double one is one,68
686,אפשר לאכול אותו -לא נדע לעולם ,Well we ain't never going to know ,You can eat it - we will never know,67
687,מה יש לך שם טארפון אני לא יודע אבל בכל מקרה הוא ענק ,What do you got there a tarpon ,What do you have there Tarpon I do not know but in any case it is huge,60
688,אני מנסה להיפטר ממנו לא פחות ממה שהוא מנסה להיפטר ממני מנסה להיפטר ממנו ,I'm trying to get rid of him  just as much as he's trying to get rid of me ,I'm trying to get rid of him no less than he's trying to get rid of me trying to get rid of him,73
689,אתה מוזמן אדוני ,Well I agree with you there ,You are welcome sir,61
690,-תודה ,- No thanks ,-Thanks,80
691,רק תשתדל לא לאבד את סיכת הביטחון אם אתה יכול סיכת  ,Just try not to lose the diaper pin if you can help it ,Just try not to lose the safety pin if you can pin,75
692,סליחה אדוני ,- Excuse me sir ,excuse me sir,100
693,-שלום בן ,- Hi son ,-Hello son,67
694,-עשית את כל הקניות ,- Get all the shopping done ,- You did all the shopping,73
695,אני חושב ,- I think so ,I think,82
696,-היה לך מספיק כסף לכול ,Did you have enough money for everything ,- You had enough money for everything,91
697,-כן וגם לכמה פריטי מותרות ,Yep and a couple of luxury items too ,-Yes and also for some luxury items,71
698,הלכתי לחצר גרוטאות וקניתי לנו אסלה ,I went to a junkyard and I bought us a john ,I went to the junkyard and bought us a toilet,77
699,קניתי גם עץ זול ,I bought some cheap lumber too ,I also bought a cheap tree,61
700,זה מברק אבא ,Is that a telegram Pop ,It's Dad's telegram,68
701,-כן מהממשלה בבית ,Yeah from the government back home ,-Yes from the government at home,89
702,הבחור ההוא קינג לא בזבז זמן וביטל לנו את הקצבאות ,That King fellow didn't waste no time getting us cut off ,That guy King wasted no time and canceled our allowances,61
703,אל תדאג אבא ,I don't aim to ,Don 't worry Dad,62
704,אנחנו נסתדר ,We'll manage ,We'll manage,100
705,איש לא יכול להפחיד משפחה שיש לה בית שימוש משלה ,Ain't nobody can fret a family got its own private john ,No one can scare a family that has its own toilet,60
706,אף אחד ,Nobody ,nobody,100
707,אתה צריך עזרה אדוני ,- Need some help sir ,You need help sir,86
708,-לא תודה ,- No thanks ,-No thanks,100
709,הוא נלחם לא רע ,Be damned if she's right ,He fights not bad,63
710,-אתה בסדר ,- Take care of yourself ,-Are you okay,61
711,מעולם לא נהניתי כל כך ,I never had so much fun in my life ,I've never had so much fun,77
712,אני שמח שלא נפגעת ,I'm glad you didn't hurt yourself ,I'm glad you were not hurt,68
713,הקרס התיישר ,The hook straightened out ,The hook straightened,91
714,סיכת ביטחון מוט וחוט ואני קיבלתי יותר אקשן ממה 'שקיבלתי עם ציוד בשווי אלף ד ,A diaper pin a pole and a piece of string  and I had more action than with $1 000 worth of equipment ,A safety pin rod and thread and I got more action than I got with equipment worth a thousand d,67
715,הנה 20 הדולרים שלך ,Here's your twenty dollars ,Here's your $ 20,60
716,-אני לא יכול לקחת אותם ,Oh I couldn't take that ,- I can not take them,71
717,בסך הכול השאלתי לך דג וזה ממילא דג ציבורי ,All I done was lend you a fish and it was a public fish anyway ,All in all I lent you a fish and it's a public fish anyway,83
718,תודה אדוני ,Thank you sir ,Thanks sir,78
719,הולי אני יכול לכופף אותה לקרס שוב ,Oh Holly I can bend this back into a hook again ,Holly I can bend her to the hook again,75
720,לא אני תומך באחותך ,I'm with you sister ,No I support your sister,70
721,כסף זה כמו דג ,Money's like a fish ,Money is like a fish,87
722,אני עוד אשוב ,I'll be back ,I'll be back,100
723,תודה אדוני ,Thank you sir ,Thanks sir,78
724,אני יודעת מה אתה חושב טובי ,Oh I know what you're thinking Toby ,"I know what you think, Toby",85
725,זאת בושה לקחת כסף ממשוגע אבל אנחנו זקוקים לזה ,It's a shame to take money from a crazy man ,It's a shame to take crazy money but we need it,76
726,ולפי הדרך שבה הוא דיבר יש לו הרבה ,But we need this and  the way he talked he had plenty ,And by the way he spoke he has a lot,64
727,תאר לך לשלם כסף כדי לדוג  הנה זה שלך ,Imagine paying money to fish Here It's yours ,Imagine paying money to fish here it's yours,100
728,-לא תני לאבא ,I don't aim to ,- Do not give to Dad,69
729,להתראות ,- You mean me ,See you,67
730,ביי ,- Bye ,Bye,100
731,הולי ,- Holly ,Holly,100
732,שמעת מה האיש אמר ששילם ‏65 דולר ליום רק כדי לדוג ,Did you hear what that fella said  about paying sixty-five dollars a day just to fish ,You heard what the man said he paid $ 65 a day just to fish,68
733,כן ,- Bye ,Yes,67
734,יש כאן כל הדגים שאפשר לרצות בחינם הפיתיונות בחינם וקרסים לא עולים הרבה ,All the fish out here you want for free The bait's free ,There are all the fish here that you can want for free the baits for free and hooks do not cost much,70
735,נתת לי רעיון -כן ,- You've given me an idea ,You gave me an idea - yes,87
736,רעיון נפלא!,It's such a wonderful idea ,A wonderful idea!,76
737,טובי אתה תהיה גאה בי ,Oh Toby you're gonna be proud of me ,Toby you will be proud of me,73
738,את בטוחה שאת לא צריכה שום דבר נוסף ,Sure you don't need anything else Nope ,You're sure you do not need anything else,89
739,-לא זה בסדר גמור ,That's natural honey ,-Not that's fine,69
740,באמת יש שם מיליוני דגים ,Now really there are fish up there by the millions ,There really are millions of fish out there,82
741,-תודה על המידע ,Thanks for the information ,-Thank you for the information,91
742,אעביר אותו הלאה ,I'll pass it along ,I'll pass it on,73
743,-להתראות ,- You mean me ,-See you,67
744,שני ספלים אחד עם ואחד בלי ,Two cups One with one without ,Two cups one with and one without,94
745,-אחד עם ואחד בלי ,One with and one without ,-One with and one without,100
746,-שתי סופגניות ,Ninety-two ,-Two donuts,60
747,עוד עצים טדי ,- More wood Teddy ,More Teddy trees,71
748,שמונים ותשע תשעים תשעים ואחת תשעים ואחת וחצי  ,Eighty-nine ninety  ninety-one ninety-one and a half  ,Eighty-nine ninety ninety-one ninety-one and a half,100
749,זה יפה מאוד ליום אחד בן ,There's a beauty if I ever saw one ,It's very beautiful for one day son,61
750,זה מה שקורה כשאתה נלחם על הזכויות שלך ולא בורח כמו כלב מפוחד כמו שרצית שאעשה ,That's what comes of sticking' up for your rights Not running like a scalded dog the way you wanted me to ,This is what happens when you fight for your rights and do not run away like a scared dog like you wanted me to do,62
751,אתה צדקת אבא ,- Are you all right ,"You're right, Dad",85
752,אני טעיתי ,Just a mistake ,I made a mistake,67
753,כדאי שנפתח חשבון בנק ,Well we better start a bank account ,We should open a bank account,66
754,מעולם לא היה לי שום קשר עם בנקים ולא אתחיל עכשיו ,Never had nothin' to do with no banks Ain't gonna start now ,I have never had any contact with banks and I will not start now,69
755,אבא בנקים משלמים ריבית אתה מכפיל את כספך לפני ש  אבל אני שונאת אותם ,Now Pop banks pay interest  and you double your money before you  ,Dad banks pay interest you double your money before but I hate them,74
756,ואתה טובי ,- Are you all right ,And you are Toby,67
757,אני לא מתכוון להיכנס ,No I can't go in ,I'm not going to go in,68
758,כלומר  אני אעשה כמה שיפורים ,Me neither Gonna make a few improvements Lots Pop ,I mean I'll make some improvements,65
759,כן ,- Bye ,Yes,67
760,תן לי לטפל בזה אבא ,- Let me have it please ,Let me take care of it Dad,64
761,אני מבין אותה קצת יותר ,I understand her a little better than you do ,I understand her a little more,70
762,בשביל מה צריך מזח מותק ,What do you got there a tarpon ,What do you need a baby pier for?,65
763,-סירות משוטים ,I was wrong ,- Rowing boats,61
764,צריך סירות משוטים כדי שנוכל לשוט אחרי היכטה שלנו ,We need a rowboat so we can row out to our yacht Pop ,Need paddle boats so we can sail after our yacht,60
765,אחרת איך נגיע לאי שבו נמצא המלון שלנו ,Else how could we get out to that island where our hotel is ,Otherwise how do we get to the island where our hotel is located,75
766,תפסיקו שניכם ,Now will you two stop it ,Stop both of you,60
767,אני רצינית ,I'm with you sister ,I'm serious,67
768,אנחנו צריכים סירות משוטים שנוכל להשכיר לדייגים ,We need rowboats so we can rent them out to our fishing parties ,We need paddle boats that we can rent to fishermen,62
769,עכשיו הלקוחות דגים מהגשר והוא שייך למדינה ,Right now our customers are fishing off of that bridge  and it belongs to the state highway ,Now customers fish from the bridge and it belongs to the state,75
770,כמה זמן יחלוף עד שמר קינג ישים לזה קץ ,Now how long is it before that Mr King  is gonna put a stop to it ,How long will it be before Mr. King puts an end to this,69
771,לעזאזל היא צודקת ,- She is ,She's right,71
772,-כן ,- Bye ,-Yes,67
773,אז דיברתי עם כמה אנשים ונראה שנוכל להשיג סירות משוטים משומשות לבנות מזח וליצור מקום אמיתי לדיג תמורת אלפיים דולר ,So I talked to some folks  and it figures out we can get some used rowboats  build a dock and have a real fishing place  for about two thousand dollars ,So I talked to a few people and we seem to be able to get used paddle boats to build a pier and create a real place for fishing for two thousand dollars,71
774,אלפיים דולר ,Two thousand dollars ,Two thousand dollars,100
775,יש סיכוי טוב שנוכל ללוות את הכסף מהבנק ,There's a very good chance  we can borrow the money from the bank ,There is a good chance we can borrow the money from the bank,92
776,זה ישנה את דעתי על בנקים ,Well that would sure change my opinion about banks ,It will change my mind about banks,64
777,אתה מתכוון שהם ילוו לך את הכסף רק כי ביקשת ,You mean they'll lend you the money  just for the asking of it ,You mean they will lend you the money just because you asked,71
778,ובשביל הריבית ,Oh no and the interest ,And for interest,63
779,צריך להחזיר להם קצת יותר ממה שהם נתנו ,You gotta pay them back a little more than they pay out ,Need to give them back a little more than they gave,74
780,כך הם עושים את זה ,That's how they do it ,That's how they do it,100
781,כן אבא ,Oh yes ,"Yes, Dad",62
782,תלך לבנק ללוות אלפיים דולר ,Will you go to the bank and borrow two thousand dollars ,Go to the bank to borrow two thousand dollars,88
783,אם זה קל כל כך שטובי יעשה את זה ,Well if it's that easy let Toby do it ,If it's so easy Toby will do it,82
784,-בחיי אני מתעסק עם בנקים יש לי צי של סירות משוטים רציפים משלי והכול כי לא נתתי לאיש מהממשלה לומר לי איפה מותר לי לעמוד ,- Holy lke! Here I am dealing with banks  got my own fleet of rowboats my own docks  all because I wouldn't let some government man  tell me where I could stand and where I couldn't ,- In my life I deal with banks I have a fleet of continuous paddle boats of my own and all because I did not let anyone from the government tell me where I am allowed to stand,70
785,אני אומר שיש הרבה כסף בזה שלא מצייתים נכון אבא ,See there's a lot of money in not doing what you're told ,I say there's a lot of money in not obeying Dad right,66
786,כן אדוני ,Yes sir ,Yes sir,100
787,טדי אדי תלמדו מזה ,Teddy Eddy let that learn ya ,Teddy Eddie you will learn from this,62
788,אם אתם רוצים להסתדר בחיים לעולם אל תעשו מה שאומרים לכם ,If you wanna get along in life never do what you're told ,"If you want to get by in life, never do what you are told",86
789,למען השם אל תאמר להם דבר כזה ,Oh for heaven's sakes don't tell them a thing like that ,For God's sake do not tell them such a thing,71
790,"""יש אנשים שאומרים לך מה לעשות ",Some folks tell you what to do,"""Some people tell you what to do",89
791,"""הם חושבים שהם יודעים יותר ממך ",They think they know more than you,"""They think they know more than you",100
792,"""הם מתעקשים שהם נותנים ""עצה נבונה ",They insist that they're givin' sound advice,"""They insist they give"" wise advice",71
793,"""אבל אין ספק בכלל",You got a beauty there miss ,"""But there is no doubt at all",62
794,"""היא פשוט לא נשמעת עצה נבונה ",It just doesn't sound like sound advice,"""It just does not sound like wise advice",85
795,"""יש אנשים שאוהבים להיות הבוסים ",Some folks like to be the boss,"""Some people like to be the bosses",79
796,"""הם חושבים שהם תמיד צודקים ",They think they know more than you,"""They think they're always right",68
797,"""הם אומרים שאתה מקבל עצה נבונה ",Oh they say that you're gettin' sound advice,"""They say you're getting wise advice",74
798,"""ואני מהמר על דבר אחד:",Well there's one thing I'm bettin',"""And I'm betting on one thing:",69
799,"""לא תאהב את העצה שלהם ",You won't like the sound of their advice,"""You will not like their advice",74
800,"""עצה נבונה ",Sound advice,"""Wise advice",70
801,"""אין ספק בכלל ",You got a beauty there miss ,"""There is no doubt at all",63
802,"""אם אתה חכם אתה תהסס ",If you're smart you'll think twice,"""If you're smart you'll be hesitant",65
803,"""כשיתחילו להשמיע לך עצות ",They insist that they're givin' sound advice,"""When they start giving you advice",68
804,"""אל תקשיב לעצות הנבונות שלהם """,Don't listen to their sound advice,"""Do not listen to their wise counsel""",70
805,טובי נותרו 15 דקות ,Toby fifteen minutes left ,Toby had 15 minutes left,73
806,קצת כמו כנסייה נכון ,Kinda like a church ain't it ,A bit like a true church,69
807,-כן ,Yes ,-Yes,100
808,הם כספרים ,Some folks like to be the boss,They are like books,65
809,הם גם מלווים כסף ,Money's like a fish ,They also lend money,62
810,לא לא ,No no ,no no,100
811,שם אחרי דלת הזכוכית ,Through the glass door ,There after the glass door,75
812,טובי אל תשכח לומר להם שאנחנו 'מכניסים 92 דולר בכל יום א,Now Toby you make sure and don't forget to tell them  that we grossed ninety-two dollars on Sunday ,Toby do not forget to tell them that we 'put in $ 92 every day a,62
813,ושהיית בצבא ,And that you're in the army  ,And that you were in the army,86
814,בסדר לך ,- Are you all right ,All right for you,88
815,את לא באה אתי ,Hey aren't you coming with me ,You did not come with me,68
816,אני לא יכולה להיכנס ,No I can't go in ,I can not enter,65
817,אני לא לבושה ,I'm not dressed ,I'm not dressed,100
818,את לא נראית יותר גרוע ממני ,You don't look no crummier than I do ,You do not look worse than me,62
819,בשביל גבר זה שונה ,Come on now It's different for a man ,For a man it is different,72
820,עכשיו לך טובי ,Now go on ,Now go Toby,80
821,אני אעמוד כאן ואתפלל ,I'll be standing here praying' ,I will stand here and pray,69
822,אני יכול לעזור לך ,- And you Holly ,I can help you,67
823,תודה ,- No thanks ,Thanks,80
824,מה אתה רוצה ,- What do you want ,What you want,90
825,-כסף ,- Money ,-Of money,77
826,כסף ,- Money ,Of money,77
827,-אין מה לפחד ,There's nothing to be afraid of ,- There is nothing to be afraid of,92
828,למעשה אני פוחד כמוך ,In fact I'm just as scared as you are ,In fact I'm as scared as you,86
829,מה אתה אומר ,What's that you're saying ,what are you saying,82
830,תרים את הידיים ,- Get your hands up ,Raise your hands,67
831,-מי אני ,- Who me ,-Who am I,71
832,-יש לו בן ערובה ,- He's got a hostage ,- He has a hostage,76
833,תפתחו את הדלת הארורה טוב ,- Open the dang door will ya ,Open the damn door well,86
834,הוא לא ישתפר אם לא תעשו מה שאני אומר ,He ain't gonna get no better if you fellas don't do what I say ,He will not get better if you do not do what I say,71
835,כדאי שמישהו יזעיק אמבולנס ,One of you better call him an ambulance ,Someone should call an ambulance,68
836,-עצור שם או שאירה בך ,You got a beauty there miss ,- Stop there or leave you,64
837,כמו שאתה מנופף בדבר הזה אתה עלול לפגוע בכל אחד ,If you're smart you'll think twice,As you wave this thing you may hurt anyone,61
838,כדאי שגם אתה תניח את שלך ,And you better put yours down too ,You better lay down yours too,84
839,תודה ,Thank you ,Thanks,67
840,תיזהר מר אנדיקוט יש לו אקדח!,Watch out Mr Endicott he's got a gun!,Watch out Mr. Endicott has a gun!,87
841,לא אדוני ,No sir ,Not sir,92
842,לקחתי אותו ממנו ,Oh I took it away from him ,I took it from him,82
843,הוא היה עלול לירות במישהו ,He might shoot somebody ,He could have shot someone,61
844,-תן לי אותו בבקשה כן אדוני ,- Let me have it please ,-Give me it please yes sir,65
845,-תודה 'מה עשית לג'ורג ,Oh I know what you're thinking Toby ,-Thank you for what you did to George,68
846,שום דבר ,Nothing ,Nothing,100
847,רק הרמתי אותו הוא  ,I just picked him up ,I just picked him up he is,87
848,הוא התעלף אתה בסדר אדוני ,One with and one without ,He fainted with you okay sir,62
849,אני  מי אתה ,- Who are you ,I'm who you are,85
850,הוא מנהל את מקום הדיג החדש ליד הכביש המהיר ,- A friend of mine He runs that fishing place out on the new highway ,He runs the new fishing spot near the highway,67
851,אני מצטער ,Oh I'm sorry ,I'm sorry,86
852,חשבתי שאתה  בסדר שומר ,I thought you  ,I thought you were fine guard,62
853,פתח את הדלת בבקשה ,All right guard Open up the door please ,Please open the door,68
854,אין סיבה לפחד ,There's nothing to be afraid of ,There is no reason to be afraid,77
855,זאת רק טעות ,Just a mistake ,This is just a mistake,78
856,הכול יהיה בסדר טובי אתה בסדר ,Everything will be all right ,Everything will be fine. You're fine,63
857,שלום מר אנדיקוט -שלום יקירתי ,- Hello Mr Endicott ,Hello Mr. Endicott - Hello dear,76
858,אולי את תוכלי לספר לי מה העניין ,- Hello dear Well maybe you can tell me what this is all about ,Maybe you can tell me what it's about,72
